3432707007
3433785838
3433823933
3439385051
3511111111
3512103503
3512150214
3512150545
3512150551
3512150655
3512150877
3512151006
3512151111
3512151120
3512151999
3512152220
3512152232
3512152770
3512153136
3512153303
3512155001
3512155678
3512157525
3512158870
3512160474
3512190213
3512230060
3512230892
3512232338
3512232343
3512232866
3512233174
3512233434
3512233693
3512236009
3512236020
3512237474
3512239239
3512300044
3512301130
3512303259
3512304567
3512306060
3512306329
3512308181
3512309131
3512310056
3512310347
3512310620
3512310936
3512311014
3512311016
3512311816
3512312036
3512312209
3512313108
3512313716
3512313759
3512313775
3512313937
3512313944
3512314411
3512314790
3512318298
3512318870
3512330084
3512330630
3512331079
3512331105
3512331279
3512331834
3512332065
3512332093
3512332292
3512332833
3512333028
3512333038
3512333342
3512333366
3512334141
3512335777
3512336610
3512336637
3512336999
3512337581
3512337777
3512337905
3512338747
3512339401
3512339542
3512351200
3512352450
3512353835
3512354101
3512354434
3512354449
3512354623
3512354873
3512354935
3512354954
3512355008
3512355036
3512355090
3512355585
3512355900
3512356429
3512357427
3512358036
3512358072
3512358744
3512358848
3512359017
3512359111
3512359777
3512359801
3512362417
3512380700
3512385566
3512388008
3512388801
3512389088
3512454545
3512470000
3512473133
3512473408
3512473535
3512476444
3512476999
3512477575
3512480111
3512480528
3512480615
3512481000
3512481516
3512481748
3512481847
3512482103
3512482858
3512483049
3512483293
3512483337
3512483414
3512483614
3512484455
3512484747
3512485350
3512486778
3512486874
3512487099
3512487120
3512487188
3512487568
3512487840
3512487920
3512488245
3512488442
3512489554
3512489588
3512489639
3512489842
3512514618
3512525928
3512534455
3512580001
3512583333
3512622545
3512626562
3512632199
3512641866
3512657496
3512672933
3512694579
3512695005
3512695577
3512696337
3512700066
3512700108
3512700225
3512700258
3512700476
3512702122
3512702130
3512704161
3512704337
3512705633
3512705921
3512706823
3512707270
3512709244
3512716299
3512716929
3512718117
3512719306
3512782230
3512786622
3512815513
3512815555
3512816666
3512817777
3512822700
3513025672
3513041781
3513044621
3513098617
3513242586
3513261080
3513284544
3513544561
3513557005
3514633749
3516020484
3516325959
3516530179
3517000148
3517000300
3517259730
3517259790
3517290890
3517315719
3517373557
3517373596
3517373599
3517375325
3517403940
3517500968
3517503980
3517504075
3517504087
3517504238
3517504239
3517509393
3517512324
3517512757
3517512828
3517512979
3517732549
3517752237
3517760036
3517762923
3517764448
3517764688
3517764936
3517767379
3517767414
3517767454
3517767966
3517768525
3517768839
3517769373
3517769905
3517770027
3517770678
3517771037
3517772055
3517772712
3517772807
3517772923
3517772935
3517773151
3517773437
3517773501
3517773502
3517773515
3517773536
3517773785
3517773955
3517774048
3517775035
3517775090
3517775433
3517775568
3517776486
3517776879
3517776967
3517777911
3517778280
3517778407
3517778849
3517778903
3517779131
3517779220
3517779222
3517779724
3517799236
3517799308
3517910841
3517962901
3517997969
3517997994
3517997996
3518919346
3519000041
3519000049
3519000126
3519000314
3519000320
3519000376
3519000447
3519000600
3519000635
3519000706
3519000785
3519000791
3519000823
3519000901
3519000915
3519000952
3519000966
3519001025
3519001403
3519001534
3519001905
3519002417
3519002470
3519002985
3519002999
3519003319
3519003641
3519003887
3519004141
3519004368
3519004604
3519004695
3519004942
3519005544
3519006249
3519006330
3519006453
3519006463
3519006996
3519007005
3519007101
3519007270
3519007440
3519008078
3519008177
3519008281
3519008377
3519008812
3519008900
3519009085
3519009667
3519009697
3519010004
3519010236
3519010887
3519011333
3519012496
3519012770
3519013159
3519013271
3519013287
3519013510
3519014449
3519014470
3519014563
3519014678
3519015151
3519015628
3519015660
3519016054
3519016087
3519017007
3519017598
3519017902
3519018678
3519018852
3519018988
3519019772
3519019971
3519023395
3519024088
3519025702
3519025767
3519025843
3519026319
3519026331
3519026622
3519026895
3519026919
3519027062
3519027404
3519028460
3519030311
3519030678
3519030973
3519031013
3519031234
3519031938
3519032627
3519033207
3519033316
3519033846
3519033933
3519034344
3519034624
3519035254
3519035262
3519035431
3519036008
3519036117
3519036681
3519037695
3519037839
3519038159
3519038227
3519038466
3519038821
3519039035
3519039272
3519039955
3519040007
3519040847
3519041000
3519041067
3519041111
3519041396
3519041988
3519042622
3519042741
3519042836
3519043333
3519044077
3519044344
3519044374
3519044578
3519044644
3519045679
3519045812
3519047000
3519047135
3519047174
3519047307
3519047500
3519047784
3519048151
3519050126
3519050303
3519051041
3519051069
3519053046
3519053207
3519054004
3519054662
3519054777
3519055510
3519055555
3519056330
3519056668
3519058155
3519060670
3519060920
3519061400
3519063540
3519063814
3519066155
3519066630
3519068188
3519068345
3519068861
3519069662
3519070075
3519070250
3519070378
3519070701
3519070710
3519070838
3519070957
3519071459
3519071601
3519072101
3519072284
3519072329
3519072418
3519072527
3519073599
3519073777
3519075021
3519076128
3519076921
3519077772
3519077789
3519078444
3519079255
3519079714
3519079734
3519079777
3519080318
3519080500
3519080594
3519082290
3519083180
3519083821
3519084044
3519084555
3519085167
3519085190
3519085242
3519085563
3519085666
3519085747
3519085838
3519086142
3519086149
3519086526
3519086794
3519087023
3519087334
3519087691
3519087923
3519087925
3519088250
3519090100
3519090121
3519090200
3519090760
3519090799
3519092562
3519093076
3519093830
3519094040
3519094226
3519094433
3519095151
3519096291
3519097441
3519098075
3519098200
3519099333
3519099555
3519440905
3519440935
3519454110
3519460713
3519466001
3519476707
3519477741
3522550176
3525621703
7056655658
7056678585
7773736715
7902896112
8028904729
8351779236
8900444699
8908061489
8908574330
8909078062
8909086065
8912312265
8919327780
8919399480
8922342240
8922700061
8951112372
8951232417
8955037778
8963342240
8963475555
8980444103
9001975998
9003541193
9020683513
9022629589
9022662173
9022749615
9022898756
9023392293
9024723529
9026000003
9026000578
9026000822
9026000891
9026000999
9026001950
9026002222
9026002287
9026002292
9026002333
9026002363
9026002626
9026003004
9026003398
9026006066
9026007319
9026008154
9026009039
9026009500
9026011100
9026012704
9026013023
9026015168
9026016666
9026017038
9026017169
9026017238
9026018262
9026018880
9026019033
9026020570
9026020944
9026020978
9026021000
9026021020
9026021866
9026022055
9026022221
9026022388
9026023129
9026023435
9026023759
9026024631
9026025865
9026025880
9026026264
9026026372
9026027443
9026027550
9026028348
9026028719
9026028889
9026029102
9026029591
9026029874
9026030038
9026031196
9026033070
9026034911
9026035001
9026035577
9026037531
9026037707
9026044444
9026046496
9026047255
9026053149
9026053242
9026053418
9026053679
9026055611
9026058136
9026059074
9026059575
9026063006
9026063105
9026064208
9026066600
9026067881
9026068145
9026070366
9026073319
9026076520
9026076565
9026079781
9026080040
9026082854
9026084684
9026089594
9026091095
9026091205
9026095515
9026100972
9026101206
9026101769
9026102244
9026102953
9026103090
9026103272
9026105005
9026105011
9026106047
9026108224
9026108445
9026110596
9026110871
9026111231
9026112109
9026113521
9026113599
9026114375
9026115270
9026115588
9026117980
9026119016
9026119732
9026119757
9026120190
9026121490
9026122221
9026123190
9026123680
9026125570
9026129473
9026132273
9026134036
9026135114
9026135296
9026135577
9026137000
9026141038
9026141140
9026141189
9026141615
9026141947
9026142503
9026145263
9026145438
9026145807
9026146211
9026147190
9026149293
9026150072
9026150447
9026150977
9026151274
9026152763
9026153082
9026154391
9026154981
9026155666
9026155757
9026159195
9026160836
9026163254
9026163422
9026163901
9026164088
9026164718
9026165097
9026165108
9026166025
9026166319
9026166494
9026167121
9026167888
9026169081
9026172004
9026172014
9026173029
9026173737
9026177011
9026178525
9026180175
9026181332
9026181968
9026182405
9026183050
9026186403
9026186999
9026190500
9026191310
9026194792
9026195364
9026196566
9026198188
9026199655
9026248555
9026435590
9027841032
9027962159
9028166881
9028601335
9028602725
9028608602
9028608881
9028609934
9028610235
9028610559
9028610605
9028610651
9028612191
9028612661
9028612850
9028614614
9028614651
9028614662
9028615137
9028615303
9028616061
9028618147
9028619458
9028620030
9028620733
9028622109
9028623299
9028623747
9028626074
9028626087
9028626776
9028627495
9028630344
9028631166
9028631635
9028633935
9028637642
9028638161
9028639997
9028640124
9028640354
9028640841
9028640917
9028641423
9028642127
9028642714
9028643823
9028643953
9028647214
9028647900
9028649592
9028650061
9028651214
9028651543
9028652645
9028656561
9028656661
9028656791
9028657585
9028658501
9028659005
9028660486
9028661444
9028661612
9028662468
9028662864
9028663952
9028666555
9028666813
9028667354
9028667457
9028667492
9028669258
9028669991
9028672250
9028676622
9028676892
9028677776
9028678265
9028679181
9028680200
9028680702
9028680888
9028686220
9028687979
9028688014
9028690175
9028690459
9028690783
9028691129
9028694014
9028694401
9028695770
9028799579
9028900221
9028902056
9028902772
9028902787
9028904287
9028904625
9028904729
9028906604
9028906935
9028907494
9028907646
9028907841
9028908188
9028909000
9028909477
9028910462
9028910555
9028911174
9028911597
9028912040
9028912199
9028913852
9028915050
9028915249
9028916426
9028916450
9028917784
9028917844
9028918757
9028918888
9028919176
9028919349
9028921000
9028922136
9028925054
9028925097
9028925255
9028925522
9028927639
9028929229
9028929628
9028930806
9028930838
9028930865
9028932109
9028932137
9028932150
9028932438
9028932986
9028933399
9028934048
9028935040
9028935992
9028936333
9028937139
9028937713
9028939152
9028939293
9028939300
9028940340
9028940347
9028942341
9028942803
9028943670
9028943945
9028944319
9028944422
9028944553
9028945005
9028946795
9028947304
9028947309
9028947681
9028948424
9028950881
9028951127
9028951145
9028953777
9028954140
9028954444
9028955488
9028955535
9028956923
9028956938
9028958153
9028958389
9028958879
9028959871
9028959989
9028960907
9028960969
9028961122
9028961675
9028963303
9028964518
9028964539
9028967055
9028967154
9028967511
9028968830
9028970098
9028970236
9028970313
9028970789
9028971128
9028971227
9028971383
9028974153
9028974186
9028975199
9028976607
9028977779
9028977793
9028978331
9028978531
9028979365
9028979833
9028981111
9028981790
9028982532
9028983432
9028984085
9028984802
9028985149
9028985779
9028985951
9028986032
9028987154
9028987500
9028988061
9028988811
9028988874
9028989211
9028989979
9028989992
9028990501
9028991810
9028992700
9028994093
9028994430
9028994499
9028995484
9028996149
9028996200
9028996269
9028996371
9028996759
9028997871
9028999388
9028999538
9029252544
9029812040
9030803773
9030864480
9030880581
9030880899
9030882313
9030882745
9030883806
9030883807
9030884171
9030886777
9030887788
9030888222
9030889009
9030889199
9030891405
9030892888
9030893657
9030893963
9030894381
9030894482
9030894672
9030896160
9030896983
9030897883
9030898377
9030907746
9030908925
9030910430
9030910838
9030910909
9030911753
9030911971
9030912100
9030912391
9030914666
9030914949
9030916351
9030916485
9030916812
9030918556
9030919000
9030919159
9033118470
9033503463
9033528477
9033545242
9033953257
9033964433
9037862288
9038067863
9039272927
9041728122
9043000330
9043000555
9043000816
9043001313
9043002203
9043002299
9043002622
9043003051
9043003066
9043003643
9043003801
9043004010
9043004155
9043004283
9043005103
9043005348
9043005636
9043005916
9043006399
9043008060
9043008493
9043008811
9043008920
9043009137
9043009300
9043009763
9043010033
9043010121
9043010544
9043010591
9043010990
9043011110
9043011418
9043013601
9043013736
9043014541
9043015542
9043015852
9043016272
9043016445
9043016691
9043016885
9043017008
9043017569
9043017911
9043018090
9043018209
9043018672
9043018866
9043019013
9043019180
9043020441
9043020797
9043020993
9043021563
9043021674
9043021701
9043021996
9043022024
9043023764
9043023990
9043024861
9043026530
9043026574
9043026705
9043026848
9043027283
9043027802
9043028156
9043030009
9043031353
9043031404
9043031661
9043031830
9043031904
9043032180
9043032334
9043032531
9043032909
9043033001
9043033232
9043033518
9043033856
9043035112
9043035789
9043037111
9043037120
9043037312
9043037504
9043039184
9043039676
9043039700
9043039790
9043040016
9043040710
9043041003
9043041123
9043041412
9043042282
9043043934
9043044033
9043044292
9043044342
9043044481
9043046481
9043047937
9043048207
9043048393
9043048638
9043048818
9043049632
9043049994
9043050700
9043051051
9043051526
9043053030
9043053251
9043053763
9043054685
9043055307
9043055322
9043055557
9043056232
9043056485
9043057755
9043057827
9043058674
9043059094
9043059216
9043059555
9043059970
9043060125
9043061231
9043061283
9043061303
9043062618
9043063391
9043063530
9043064071
9043066555
9043067467
9043068017
9043068441
9043068550
9043069146
9043069804
9043070343
9043070570
9043071273
9043073631
9043073860
9043073977
9043074747
9043074791
9043075515
9043075603
9043075621
9043075998
9043076333
9043076584
9043076696
9043077007
9043078101
9043078579
9043079061
9043079213
9043079700
9043079924
9043080063
9043080555
9043081257
9043081548
9043082304
9043082931
9043083119
9043083717
9043084016
9043084056
9043084906
9043085993
9043086209
9043086606
9043088828
9043088968
9043089008
9043089659
9043089927
9043090575
9043090676
9043092166
9043092277
9043092506
9043092695
9043092731
9043092769
9043093102
9043094466
9043094795
9043094932
9043096708
9043096735
9043097104
9043098249
9043098313
9043098626
9043099200
9043099378
9043099481
9043846007
9044995209
9044995726
9045408334
9048000922
9048001171
9048001172
9048001188
9048002101
9048002400
9048002600
9048003455
9048003530
9048004944
9048005024
9048006116
9048007447
9048008007
9048008026
9048011777
9048011973
9048012572
9048012870
9048013130
9048014443
9048019084
9048020718
9048021472
9048023800
9048033325
9048034193
9048034444
9048035285
9048036000
9048036277
9048036505
9048037273
9048037777
9048042339
9048044376
9048044854
9048044901
9048045403
9048046070
9048046295
9048046658
9048047000
9048047876
9048049048
9048049345
9048055203
9048055838
9048061570
9048062222
9048065080
9048069299
9048070530
9048071330
9048072556
9048074074
9048074802
9048082222
9048084497
9048085380
9048088888
9048091505
9048098585
9048099534
9048100000
9048100057
9048101010
9048101777
9048102040
9048103660
9048103975
9048105224
9048105306
9048105553
9048106666
9048107580
9048108103
9048108618
9048108888
9048109015
9048110476
9048111188
9048111541
9048112278
9048112673
9048112811
9048113235
9048114873
9048116708
9048117946
9048118671
9048118855
9048119894
9048119996
9048124619
9048125349
9048126871
9048127577
9048129541
9048129557
9048129583
9048130675
9048131166
9048131372
9048132391
9048132675
9048132875
9048133147
9048135651
9048137268
9048137398
9048137686
9048138337
9048139038
9048140945
9048142924
9048144335
9048146472
9048146565
9048146904
9048147137
9048147622
9048147774
9048148000
9048148799
9048149308
9048149505
9048150229
9048150416
9048152165
9048153314
9048155299
9048160026
9048162222
9048164927
9048166367
9048167758
9048167883
9048168030
9048170610
9048171711
9048171890
9048174040
9048176644
9048177509
9048181666
9048182092
9048182150
9048182224
9048183501
9048184846
9048187000
9048187007
9048188825
9048188898
9048189109
9048190111
9048190316
9048193274
9048195976
9048196784
9048196848
9048197333
9048198102
9048199007
9048199949
9049048189
9049176166
9049300000
9049300744
9049301201
9049303330
9049304000
9049304114
9049304903
9049306069
9049308544
9049310000
9049314534
9049315602
9049315939
9049316160
9049318870
9049326666
9049328202
9049333364
9049333777
9049335333
9049339333
9049339780
9049339999
9049340000
9049342269
9049345091
9049345374
9049349205
9049357777
9049360000
9049360796
9049365768
9049373000
9049376575
9049379923
9049380980
9049385374
9049397720
9049397884
9049400097
9049404014
9049404865
9049405016
9049405070
9049405750
9049407460
9049410172
9049412399
9049412777
9049413189
9049413535
9049413817
9049414023
9049414999
9049417777
9049418181
9049420890
9049422227
9049422727
9049426592
9049428816
9049431758
9049433333
9049433955
9049434365
9049435444
9049435717
9049436554
9049436936
9049437000
9049438597
9049440947
9049441155
9049442590
9049444224
9049445533
9049445554
9049448444
9049449355
9049449525
9049452130
9049459007
9049460449
9049467745
9049467787
9049468077
9049476902
9049477213
9049478505
9049483521
9049484750
9049701444
9049702089
9049702097
9049702182
9049702221
9049702302
9049702481
9049704211
9049704262
9049704613
9049704971
9049705888
9049706768
9049708729
9049709303
9049709868
9049709963
9049710133
9049710134
9049710221
9049710738
9049711355
9049711594
9049711675
9049713749
9049715486
9049716544
9049718211
9049718553
9049719055
9049719153
9049719379
9049719650
9049719979
9049721752
9049722127
9049722421
9049722666
9049723026
9049723960
9049725503
9049726659
9049726781
9049727261
9049727725
9049729450
9049729577
9049732470
9049733397
9049733546
9049734787
9049735842
9049735926
9049738319
9049740254
9049740512
9049741169
9049741595
9049742302
9049742534
9049747763
9049748513
9049749077
9049749384
9049750002
9049750027
9049754555
9049757799
9049762190
9049763787
9049766182
9049767999
9049772657
9049773776
9049775040
9049775564
9049775666
9049776269
9049776671
9049777064
9049777364
9049777374
9049777404
9049777777
9049778381
9049779403
9049779977
9049780414
9049780860
9049781725
9049782217
9049782920
9049783777
9049784191
9049784533
9049786358
9049787100
9049787222
9049787771
9049788619
9049788802
9049788866
9049789374
9049790073
9049791470
9049792157
9049792317
9049792934
9049793706
9049795946
9049796000
9049796020
9049796743
9049796819
9049796854
9049797202
9049797251
9049797420
9049797837
9049798995
9049799019
9049799199
9049799342
9049799674
9049799718
9049799901
9049810727
9049873235
9049888881
9050001323
9053555748
9053561395
9058076130
9058236563
9058300060
9058300772
9058302356
9058302442
9058303025
9058305362
9058305777
9058306810
9058308210
9058308390
9058311019
9058311463
9058312602
9058313127
9058315418
9058316159
9058316597
9058318018
9058318828
9058320606
9058321999
9058323393
9058327167
9058327521
9058327759
9058327937
9058328592
9058329413
9058330830
9058331355
9058332162
9058332548
9058332770
9058333138
9058333196
9058333311
9058333695
9058333777
9058334282
9058334460
9058335261
9058336663
9058338888
9058341196
9058342969
9058343334
9058344111
9058344177
9058344394
9058344652
9058346060
9058346535
9058348933
9058352246
9058353163
9058356251
9058356462
9058357132
9058357175
9058360258
9058361166
9058364437
9058364464
9058364800
9058365550
9058367181
9058367276
9058367790
9058368500
9058370098
9058370278
9058370716
9058373032
9058373781
9058374178
9058374403
9058375146
9058377790
9058378170
9058380777
9058380797
9058380880
9058381410
9058382815
9058383322
9058383474
9058384074
9058385543
9058385823
9058388257
9058388363
9058388701
9058388838
9058391019
9058393333
9058394917
9058395111
9058395716
9058396552
9058396943
9058399046
9058452232
9058502456
9058503607
9058508993
9058522713
9058526624
9058530567
9058548859
9058963989
9058973793
9061018525
9061051111
9061057777
9063708431
9063762690
9067863073
9068058837
9068500494
9068502202
9068503612
9068503913
9068506452
9068506622
9068507000
9068507403
9068507923
9068508094
9068511285
9068512223
9068513797
9068514157
9068516922
9068527880
9068534153
9068542386
9068545011
9068545935
9068601436
9068603110
9068604997
9068605161
9068605176
9068608566
9068609777
9068610646
9068611034
9068611727
9068611780
9068613333
9068613390
9068613920
9068615099
9068615600
9068619161
9068619317
9068619374
9068619390
9068619758
9068622392
9068622771
9068625382
9068625834
9068626686
9068626906
9068626959
9068628248
9068629370
9068631863
9068632833
9068633440
9068633613
9068635060
9068637277
9068637998
9068639007
9068639092
9068639383
9068639460
9068639845
9068640242
9068641318
9068641320
9068642143
9068643009
9068643145
9068644181
9068644443
9068644615
9068645319
9068646135
9068646186
9068646590
9068646985
9068649147
9068650060
9068650542
9068650773
9068655005
9068655847
9068657484
9068657716
9068662474
9068664625
9068664986
9068666078
9068666399
9068667956
9068669020
9068670896
9068673376
9068674070
9068677011
9068677740
9068678366
9068679098
9068680005
9068684444
9068684959
9068687325
9068688106
9068688887
9068690992
9068692027
9068692803
9068694767
9068695761
9068696152
9068696459
9068697989
9068698216
9068698552
9068700186
9068702434
9068706789
9068707777
9068709310
9068710058
9068712650
9068715505
9068717811
9068717892
9068722228
9068723599
9068726511
9068844338
9068900433
9068902958
9068903557
9068906350
9068906666
9068909221
9068911107
9068911808
9068912927
9068914687
9068914702
9068915551
9068918822
9068919031
9068919355
9068921071
9068922368
9068922682
9068923600
9068925788
9068925841
9068926995
9068927588
9068928424
9068930018
9068931216
9068932822
9068934916
9068936477
9068937454
9068938951
9068939774
9068940018
9068940491
9068940645
9068947236
9068947790
9068948951
9068949645
9068984611
9068986124
9068986555
9068992345
9068993760
9068998486
9069839774
9080052522
9080098449
9080400624
9080400979
9080401377
9080401702
9080401747
9080402641
9080402651
9080403158
9080403651
9080403707
9080403896
9080404269
9080404880
9080407103
9080407170
9080407432
9080407678
9080411156
9080411469
9080411902
9080412050
9080412485
9080413283
9080413398
9080416623
9080417191
9080417798
9080418736
9080419233
9080419416
9080419417
9080419541
9080419667
9080420087
9080420311
9080421536
9080422532
9080422535
9080422646
9080423065
9080423977
9080424437
9080425551
9080426122
9080426727
9080426777
9080427527
9080427915
9080429009
9080430260
9080430790
9080436675
9080437455
9080439743
9080440770
9080441437
9080441863
9080441869
9080442525
9080442854
9080443541
9080444103
9080444460
9080444699
9080444700
9080445430
9080445660
9080447222
9080447439
9080447757
9080448041
9080448895
9080449831
9080449891
9080449999
9080450469
9080451176
9080451343
9080452212
9080452407
9080452778
9080452951
9080453250
9080454850
9080455233
9080455551
9080456017
9080456718
9080457009
9080462174
9080463383
9080464979
9080465846
9080468374
9080469268
9080469293
9080469373
9080469659
9080470055
9080470674
9080472075
9080474929
9080475555
9080475858
9080476867
9080478133
9080479786
9080480192
9080480782
9080483534
9080483557
9080484833
9080487015
9080487065
9080489996
9080490123
9080492041
9080492191
9080492829
9080493474
9080493585
9080493915
9080494790
9080496959
9080499750
9080499988
9080499989
9080500022
9080500026
9080500091
9080500413
9080501829
9080502487
9080502548
9080502591
9080504003
9080504724
9080505354
9080505382
9080505477
9080505659
9080506493
9080506767
9080507228
9080507954
9080508492
9080508854
9080509870
9080509913
9080509954
9080510119
9080512407
9080514660
9080515627
9080516620
9080517283
9080517549
9080517790
9080519436
9080519809
9080521252
9080521575
9080522330
9080522884
9080523445
9080524011
9080524500
9080524651
9080525589
9080527639
9080529303
9080529600
9080529769
9080530022
9080531328
9080531576
9080531599
9080531862
9080533154
9080533339
9080533390
9080534974
9080535161
9080537477
9080538194
9080538874
9080539576
9080539992
9080540110
9080540819
9080541167
9080541619
9080542785
9080545009
9080545441
9080546029
9080546792
9080547035
9080548488
9080553885
9080554286
9080554940
9080555333
9080555896
9080556626
9080556689
9080556881
9080557618
9080560626
9080560935
9080561194
9080563231
9080565004
9080565286
9080565694
9080567801
9080568385
9080569500
9080572593
9080573103
9080575272
9080575581
9080576527
9080577331
9080577845
9080578080
9080580566
9080580929
9080581126
9080582299
9080583561
9080583803
9080585874
9080588051
9080588382
9080592020
9080592888
9080593663
9080594052
9080596748
9080597751
9080597813
9080598383
9080599494
9080599901
9080604020
9080605044
9080605330
9080605400
9080606001
9080606053
9080606670
9080609094
9080610999
9080612994
9080613712
9080613871
9080616068
9080619999
9080621117
9080621315
9080623091
9080624233
9080626139
9080626174
9080626244
9080627695
9080627933
9080627945
9080628880
9080629326
9080630600
9080631428
9080631499
9080633830
9080635733
9080636585
9080637795
9080638673
9080638701
9080640004
9080640709
9080641098
9080641810
9080642873
9080642915
9080643609
9080649993
9080650000
9080650887
9080652002
9080653099
9080653424
9080654860
9080655176
9080656700
9080656760
9080656916
9080658944
9080659904
9080660266
9080664242
9080666506
9080666647
9080667100
9080667373
9080667511
9080667814
9080667938
9080667966
9080667969
9080669878
9080670526
9080671065
9080673334
9080673630
9080676401
9080676888
9080679240
9080682222
9080682835
9080683373
9080683428
9080684136
9080684465
9080684806
9080690707
9080692299
9080694575
9080695633
9080696195
9080697114
9080698739
9080700700
9080700890
9080701074
9080702888
9080707999
9080709743
9080709977
9080712525
9080714702
9080716371
9080719999
9080722686
9080730988
9080731771
9080736457
9080747375
9080751272
9080760600
9080761988
9080762229
9080775525
9080775666
9080777474
9080777830
9080783533
9080784151
9080784486
9080784617
9080785194
9080785507
9080787888
9080788788
9080794477
9080800151
9080800565
9080801055
9080801609
9080801610
9080801628
9080801637
9080801798
9080802078
9080802109
9080802110
9080802114
9080802141
9080802249
9080802339
9080802522
9080802545
9080802581
9080802853
9080803131
9080803322
9080803475
9080803509
9080803625
9080803747
9080803830
9080803876
9080803962
9080804065
9080804151
9080804326
9080804475
9080804542
9080804690
9080805001
9080805110
9080805140
9080805161
9080805189
9080805234
9080805284
9080805650
9080805788
9080805888
9080806080
9080806214
9080807080
9080808037
9080808333
9080808438
9080808978
9080809488
9080809550
9080809562
9080809674
9080810060
9080810113
9080810214
9080810216
9080810229
9080810243
9080810548
9080810567
9080810586
9080810909
9080810914
9080810936
9080811069
9080811090
9080811137
9080811206
9080811225
9080811678
9080811816
9080811943
9080811986
9080812017
9080812022
9080812031
9080812071
9080812111
9080812134
9080812188
9080812209
9080812574
9080812583
9080812677
9080812970
9080813018
9080813110
9080813123
9080813371
9080813482
9080813716
9080813780
9080813835
9080813929
9080813939
9080813944
9080813980
9080813988
9080814080
9080814223
9080814303
9080814310
9080814645
9080814709
9080814710
9080814734
9080814808
9080814869
9080814880
9080815022
9080815734
9080815742
9080815775
9080815820
9080815996
9080816085
9080816105
9080816155
9080816194
9080816557
9080816577
9080816708
9080816816
9080817105
9080817521
9080817755
9080818244
9080818287
9080818324
9080818362
9080818428
9080818494
9080818553
9080818633
9080819348
9080819566
9080819775
9080819958
9080819981
9080822457
9080850063
9080850206
9080850329
9080850356
9080850394
9080850399
9080850801
9080850877
9080851200
9080851254
9080851751
9080851992
9080852400
9080852563
9080852581
9080852653
9080852880
9080853057
9080853454
9080853637
9080853889
9080854161
9080854282
9080854361
9080854393
9080854413
9080854511
9080854523
9080854936
9080854981
9080855155
9080855228
9080855234
9080855284
9080855310
9080855377
9080855500
9080855521
9080855544
9080855585
9080855822
9080855885
9080856007
9080856035
9080856151
9080856225
9080856330
9080856410
9080856533
9080856539
9080856721
9080856848
9080856871
9080857105
9080857422
9080857427
9080857505
9080857758
9080857775
9080858100
9080858173
9080858382
9080858439
9080858895
9080859098
9080859111
9080859444
9080859464
9080859519
9080859544
9080859605
9080859606
9080859656
9080859777
9080859783
9080860174
9080860383
9080860443
9080860491
9080860680
9080860713
9080862055
9080863456
9080864669
9080864849
9080865100
9080865206
9080865608
9080866001
9080866077
9080866655
9080870903
9080874838
9080876004
9080876707
9080877407
9080877606
9080877730
9080878717
9080879747
9080900440
9080900808
9080903333
9080903939
9080909050
9080911108
9080911959
9080912191
9080922253
9080926222
9080928145
9080929888
9080932222
9080940051
9080945696
9080947618
9080949177
9080949495
9080953304
9080955595
9080973636
9080979819
9080983315
9080988666
9080990002
9080999909
9081119247
9083579596
9084416804
9085700003
9085700848
9085701563
9085701773
9085703019
9085704427
9085705029
9085706057
9085706179
9085706363
9085708301
9085710088
9085710380
9085711197
9085712458
9085713534
9085713600
9085714309
9085715567
9085717369
9085718562
9085719435
9085719886
9085720093
9085720400
9085721541
9085721664
9085723399
9085723662
9085724783
9085725025
9085726393
9085727884
9085728640
9085729504
9085730465
9085731122
9085731290
9085731718
9085732155
9085733116
9085733341
9085733475
9085733488
9085733777
9085734119
9085734867
9085735036
9085735388
9085735397
9085735504
9085736040
9085737923
9085738715
9085739162
9085740333
9085740660
9085741742
9085741839
9085743054
9085743387
9085745365
9085745925
9085746722
9085746824
9085747900
9085747959
9085748815
9085749441
9085749703
9085750396
9085750860
9085751792
9085752848
9085753548
9085754771
9085754806
9085754969
9085755730
9085755995
9085757873
9085759655
9085760021
9085760054
9085760064
9085760808
9085761260
9085762292
9085762803
9085764330
9085764678
9085764922
9085766033
9085767130
9085767888
9085768602
9085768616
9085770033
9085771797
9085771908
9085775399
9085776608
9085776925
9085777046
9085777794
9085777814
9085778787
9085778791
9085779659
9085780224
9085781153
9085781615
9085784611
9085785179
9085786391
9085786475
9085786581
9085788124
9085788176
9085788603
9085792043
9085792674
9085792737
9085792797
9085792894
9085793971
9085796998
9085798786
9085798881
9085799852
9085800535
9085801409
9085801466
9085802464
9085802698
9085803624
9085803777
9085804146
9085804458
9085804640
9085804992
9085805018
9085805676
9085805696
9085806377
9085806747
9085807078
9085808718
9085810085
9085810188
9085810725
9085812987
9085816448
9085817482
9085819545
9085820051
9085820388
9085821460
9085822851
9085823636
9085823744
9085825183
9085825828
9085828682
9085828750
9085828768
9085830048
9085831356
9085831740
9085833179
9085833336
9085834558
9085835733
9085836650
9085836661
9085838363
9085838629
9085838652
9085838677
9085839192
9085839278
9085839300
9085841075
9085841555
9085841729
9085842920
9085844352
9085844555
9085846897
9085847817
9085848560
9085849068
9085849073
9085850887
9085850987
9085851423
9085853336
9085856343
9085856505
9085856815
9085861736
9085862124
9085862326
9085862640
9085863766
9085866594
9085868691
9085870090
9085871200
9085872055
9085875457
9085876563
9085876609
9085877785
9085878312
9085878412
9085879891
9085881929
9085882923
9085884348
9085884383
9085885889
9085886699
9085888369
9085888896
9085889977
9085892311
9085894000
9085894694
9085895008
9085895281
9085898933
9085899444
9085899666
9085899777
9085899973
9085899996
9086324215
9088105599
9088110010
9088111556
9088112205
9088113585
9088117781
9088120000
9088124473
9088150679
9088154690
9088155249
9088157013
9088160570
9088161111
9088163242
9088165224
9088188888
9088197322
9088198760
9088199177
9088207701
9088215454
9088217332
9088218840
9088222999
9088224545
9088228822
9088229999
9088236727
9088238786
9088249414
9088251555
9088252269
9088258055
9088260210
9088260736
9088267023
9088267070
9088267251
9088268752
9088270917
9088271310
9088275514
9088278701
9088279343
9088280028
9088280758
9088282635
9088288288
9088290275
9088335551
9088698877
9088706789
9088749695
9090030030
9090076633
9090095752
9090110488
9090111119
9090120810
9090232601
9090680691
9090681080
9090682170
9090682869
9090684465
9090684777
9090684888
9090686576
9090687961
9090688146
9090690060
9090690606
9090694722
9090695121
9090696120
9090696353
9090698090
9090698213
9090700161
9090700363
9090701659
9090702010
9090702153
9090703839
9090704545
9090706175
9090706907
9090707086
9090707444
9090707710
9090707818
9090709909
9090710787
9090711788
9090711912
9090712247
9090714979
9090715871
9090717000
9090718769
9090720002
9090720181
9090721111
9090721300
9090723372
9090723404
9090723644
9090723814
9090724285
9090724606
9090726844
9090730473
9090730572
9090733099
9090733846
9090733884
9090737359
9090737492
9090738424
9090738509
9090739235
9090740999
9090741082
9090743242
9090745393
9090745970
9090747317
9090749090
9090749976
9090750095
9090750207
9090754202
9090754945
9090756610
9090757559
9090757660
9090757664
9090758775
9090759335
9090761854
9090763947
9090764577
9090766623
9090768062
9090769418
9090769950
9090770093
9090770262
9090770551
9090771578
9090774145
9090777616
9090777711
9090779310
9090779999
9090784398
9090786272
9090788050
9090789469
9090789835
9090791040
9090795287
9090799722
9090799983
9090801070
9090801115
9090802721
9090804065
9090804945
9090806328
9090807476
9090808151
9090811111
9090811554
9090812230
9090814455
9090818410
9090819858
9090819999
9090822047
9090823503
9090827753
9090829206
9090833330
9090833700
9090834275
9090834945
9090836087
9090836199
9090837183
9090840918
9090844397
9090846282
9090848389
9090848965
9090849811
9090853696
9090856047
9090858500
9090859628
9090860627
9090869159
9090876240
9090877719
9090880666
9090880803
9090882977
9090883373
9090885393
9090887704
9090888699
9090888714
9090888800
9090888833
9090888911
9090889933
9090890737
9090890864
9090892339
9090894374
9090895431
9090897761
9090899989
9090900051
9090900060
9090900174
9090900180
9090900201
9090900387
9090900940
9090900988
9090901203
9090901739
9090901780
9090901800
9090901875
9090901880
9090902011
9090902066
9090902147
9090902243
9090902291
9090902911
9090902926
9090903553
9090903626
9090904499
9090904914
9090904965
9090906500
9090907018
9090907707
9090907771
9090908787
9090909005
9090909091
9090909494
9090909509
9090909934
9090911382
9090915986
9090918128
9090918885
9090919110
9090920282
9090922286
9090926940
9090928219
9090929420
9090932113
9090942587
9090943661
9090946015
9090951356
9090958008
9090960009
9090964246
9090964817
9090973070
9090974888
9090980330
9090980999
9090987675
9090990220
9090990406
9090994620
9090994959
9090998275
9090998786
9090999902
9091470707
9091720077
9091730861
9091731715
9091732059
9091738730
9091742393
9091752303
9091762670
9091777006
9091778685
9091781393
9091792631
9091795777
9091899292
9093096335
9093504411
9093507473
9095713600
9096089290
9096091880
9097011433
9097224755
9097226622
9097228804
9097237536
9097243331
9097430715
9097433932
9097434790
9097437853
9097440999
9097442075
9097442876
9097444300
9097444554
9097447271
9097449777
9097450004
9097450828
9097451806
9097452355
9097452686
9097454800
9097457779
9097457975
9097458000
9097460451
9097460599
9097461220
9097461313
9097461347
9097461556
9097462700
9097465498
9097466699
9097466980
9097467872
9097469065
9097476066
9097477778
9097486057
9097488080
9097489144
9097489393
9097491916
9097492322
9097493986
9097495566
9097495572
9097499000
9105181520
9107449908
9110833031
9111128887
9120446969
9120490100
9120512894
9120621011
9120785294
9120810074
9120812534
9120816275
9120818888
9120825767
9120826371
9120830007
9120830055
9120832845
9120833270
9120835442
9120836647
9120838790
9120840202
9120842566
9120843037
9120843150
9120843737
9120844965
9120844979
9120846150
9120847740
9120848777
9120850005
9120850029
9120851000
9120851114
9120852300
9120852555
9120854176
9120854822
9120858515
9122085789
9122099020
9122259086
9122420613
9122491733
9122510037
9122677062
9122728706
9122744661
9122813535
9122824974
9122888567
9122927619
9123000072
9123000403
9123000666
9123002006
9123003333
9123004530
9123004634
9123005020
9123006075
9123007001
9123007088
9123007788
9123008485
9123008599
9123008917
9123010990
9123013303
9123014292
9123014444
9123018580
9123020111
9123023160
9123023569
9123027077
9123027285
9123028890
9123030010
9123030343
9123030435
9123033066
9123034004
9123036555
9123038008
9123042250
9123051011
9123051244
9123052506
9123053220
9123053581
9123056912
9123060078
9123062155
9123066666
9123068686
9123068995
9123071360
9123072259
9123081233
9123081295
9123081382
9123083322
9123083330
9123085433
9123085777
9123086346
9123088634
9123088803
9123088888
9123089898
9123096606
9123096666
9123098050
9123098701
9123099655
9123100143
9123100261
9123101111
9123101220
9123102701
9123102847
9123102999
9123103685
9123104160
9123104185
9123104186
9123104299
9123104383
9123104475
9123104610
9123104920
9123105733
9123107577
9123107799
9123108358
9123108556
9123108875
9123109090
9123109117
9123109179
9123110007
9123110184
9123110405
9123111956
9123112158
9123113129
9123115050
9123115999
9123118888
9123121011
9123121467
9123121788
9123122478
9123122650
9123122920
9123123148
9123124201
9123124860
9123126949
9123128767
9123130183
9123130266
9123130771
9123131001
9123132594
9123132723
9123134042
9123134863
9123136963
9123138118
9123139005
9123143271
9123144408
9123145888
9123147068
9123149700
9123151586
9123154115
9123154999
9123155888
9123156308
9123158292
9123158958
9123159213
9123160127
9123160222
9123160421
9123165450
9123166080
9123167542
9123169308
9123172513
9123173025
9123174943
9123176000
9123177700
9123179663
9123180263
9123182048
9123185751
9123186453
9123187337
9123187919
9123191109
9123196153
9123196500
9123197197
9123200082
9123200220
9123201255
9123202727
9123204660
9123209200
9123209829
9123210100
9123210128
9123210888
9123212101
9123217576
9123218861
9123222204
9123222581
9123223322
9123223332
9123223730
9123223787
9123223803
9123226982
9123229402
9123231111
9123231375
9123233133
9123234230
9123235020
9123235055
9123235321
9123236465
9123238771
9123240436
9123240626
9123242494
9123242798
9123243028
9123245879
9123250500
9123250657
9123251091
9123251225
9123251407
9123254851
9123257142
9123258132
9123258525
9123258605
9123261189
9123263792
9123264012
9123264024
9123264965
9123265775
9123266666
9123267359
9123270400
9123273400
9123277953
9123280278
9123281104
9123284145
9123284259
9123285946
9123286683
9123287702
9123288696
9123290666
9123293330
9123293615
9123295460
9123843845
9123999009
9124000009
9124001123
9124001582
9124001599
9124001900
9124002227
9124002301
9124002493
9124002641
9124004050
9124005289
9124005411
9124005500
9124005555
9124006051
9124008004
9124008666
9124009078
9124010401
9124012543
9124012946
9124013003
9124014040
9124015600
9124017563
9124017564
9124018055
9124019690
9124021336
9124021532
9124023372
9124024655
9124025955
9124028111
9124029476
9124032222
9124040144
9124040338
9124043680
9124045062
9124045617
9124048040
9124048642
9124050404
9124051317
9124051611
9124052047
9124054545
9124059976
9124064999
9124066600
9124070095
9124071009
9124071407
9124071900
9124072082
9124073038
9124073794
9124076160
9124077770
9124079700
9124081413
9124083474
9124084463
9124085275
9124087987
9124088912
9124091622
9124092100
9124094000
9124099999
9124687721
9124700009
9124700929
9124705377
9124705484
9124706666
9124709922
9124710373
9124713632
9124713888
9124715909
9124715927
9124718616
9124720820
9124721222
9124728105
9124730999
9124737031
9124737532
9124741497
9124742000
9124744474
9124744841
9124749347
9124750607
9124751121
9124753700
9124755100
9124756737
9124756810
9124757538
9124758188
9124760000
9124764777
9124766721
9124766999
9124767474
9124768778
9124770950
9124772038
9124774774
9124775082
9124777589
9124777628
9124777739
9124785220
9124789236
9124789847
9124790060
9124790100
9124791330
9124792800
9124793076
9124793489
9124794667
9124794846
9124795075
9124795195
9124795535
9124795564
9124795925
9124797999
9124799077
9125204327
9125208288
9125238811
9125248134
9125255255
9125284488
9125291309
9125298450
9125774676
9125777737
9125783521
9125785000
9125793408
9126008886
9126027232
9126029799
9126036006
9126066727
9126161988
9126351684
9126426116
9126491241
9126732233
9126752791
9126799990
9126900055
9127700083
9127700202
9127700399
9127700772
9127700999
9127702299
9127702323
9127702816
9127703344
9127704000
9127704790
9127705100
9127706397
9127707010
9127707799
9127708008
9127708428
9127708570
9127708990
9127709154
9127715212
9127717456
9127717477
9127717774
9127717922
9127718070
9127718284
9127720008
9127721740
9127722730
9127722900
9127723333
9127723557
9127724552
9127725697
9127725879
9127727337
9127727572
9127727737
9127728563
9127728965
9127729884
9127730057
9127730379
9127730497
9127730663
9127731078
9127731120
9127731751
9127731949
9127732188
9127732454
9127732876
9127733455
9127733555
9127733881
9127735414
9127735777
9127735841
9127740579
9127741111
9127743032
9127743059
9127743434
9127743818
9127744500
9127745007
9127745925
9127746484
9127747797
9127747995
9127748099
9127749893
9127750100
9127750495
9127751595
9127751972
9127752525
9127755062
9127755772
9127755775
9127756725
9127757510
9127757997
9127758797
9127759437
9127760666
9127761667
9127762168
9127762648
9127763788
9127765223
9127768177
9127768670
9127770101
9127770110
9127770145
9127770435
9127770977
9127771000
9127771038
9127771152
9127772435
9127773406
9127773883
9127774696
9127774943
9127775277
9127775400
9127775787
9127776474
9127776927
9127777001
9127777012
9127777029
9127777091
9127777124
9127777175
9127777190
9127777236
9127777445
9127777637
9127777674
9127777710
9127777712
9127777716
9127777764
9127777769
9127777793
9127778363
9127778480
9127778885
9127778887
9127778999
9127779948
9127779969
9127779977
9127780816
9127782348
9127783993
9127784496
9127785021
9127786942
9127787002
9127787138
9127787255
9127787256
9127787858
9127787874
9127790060
9127791210
9127791241
9127791578
9127791797
9127792137
9127792157
9127793764
9127794411
9127794448
9127795877
9127797405
9127797708
9127797739
9127797779
9127797787
9127798005
9127799005
9127799161
9127799811
9127900044
9127901712
9127901890
9127901991
9127902288
9127903223
9127903321
9127904033
9127905551
9127906430
9127907172
9127907421
9127907869
9127908553
9127909443
9127909510
9127910019
9127911727
9127912345
9127913558
9127916011
9127916383
9127917200
9127917705
9127922924
9127924142
9127928680
9127928970
9127929421
9127931382
9127931465
9127933053
9127933444
9127934374
9127934379
9127934561
9127935397
9127937433
9127939030
9127939249
9127939444
9127939542
9127939646
9127939765
9127939779
9127939793
9127940794
9127943333
9127944799
9127944812
9127946030
9127946067
9127948467
9127948731
9127948965
9127948990
9127949007
9127949089
9127950005
9127950505
9127950674
9127952101
9127955305
9127955677
9127957515
9127957995
9127958886
9127962383
9127963209
9127963436
9127963562
9127963594
9127963704
9127963738
9127966841
9127967779
9127968232
9127972422
9127972520
9127972839
9127973552
9127974406
9127974481
9127977038
9127977737
9127977788
9127979962
9127979988
9127980017
9127980086
9127981280
9127981886
9127983306
9127983630
9127985118
9127985325
9127986042
9127986181
9127987190
9127988999
9127989999
9127994316
9127995566
9127995704
9127995848
9127997449
9127998194
9127998350
9127999434
9127999466
9127999997
9128000095
9128000111
9128000219
9128006000
9128007080
9128007328
9128007484
9128007592
9128007641
9128008900
9128009369
9128010500
9128012999
9128013133
9128013431
9128014035
9128017470
9128019779
9128020360
9128023795
9128026978
9128027297
9128028282
9128028455
9128031207
9128033180
9128035494
9128035841
9128036005
9128036669
9128037317
9128041100
9128044496
9128048274
9128050102
9128050305
9128050331
9128050380
9128050405
9128050467
9128050526
9128050645
9128050646
9128050786
9128050984
9128051125
9128051370
9128051440
9128051453
9128051517
9128051552
9128051588
9128051615
9128051661
9128051745
9128052074
9128054110
9128054143
9128054146
9128054224
9128055051
9128055505
9128055561
9128056011
9128057979
9128059801
9128062309
9128062772
9128066937
9128067150
9128069200
9128070017
9128070096
9128070444
9128070756
9128070999
9128071007
9128074902
9128077000
9128079614
9128080164
9128080575
9128080912
9128083115
9128083323
9128084525
9128085019
9128085898
9128086244
9128087050
9128087845
9128087886
9128093000
9128094440
9128094770
9128095321
9128096489
9128096706
9128097775
9128098734
9128325852
9128334500
9128338879
9128349993
9128350188
9128350490
9128350672
9128352979
9128359987
9128393136
9128399099
9128902647
9128907777
9128910047
9128910127
9128910507
9128910592
9128910782
9128911009
9128911022
9128911327
9128911444
9128911765
9128912176
9128912334
9128912467
9128912510
9128912575
9128913100
9128913165
9128913282
9128913443
9128913486
9128913856
9128913972
9128914184
9128914206
9128914318
9128914544
9128915512
9128915871
9128915923
9128916944
9128916984
9128917143
9128917183
9128917535
9128917615
9128917618
9128919128
9128919531
9128920114
9128920498
9128920704
9128920770
9128920877
9128920944
9128921126
9128921421
9128921734
9128922541
9128923988
9128924415
9128924630
9128924900
9128925641
9128925840
9128926022
9128926305
9128926593
9128926787
9128926925
9128927121
9128929973
9128930030
9128930473
9128932040
9128932205
9128932381
9128933003
9128934330
9128935372
9128936845
9128937884
9128937937
9128938065
9128938437
9128939517
9128939983
9128939986
9128940137
9128941531
9128942952
9128943942
9128944135
9128944255
9128945345
9128946105
9128946270
9128946777
9128946982
9128947092
9128947891
9128948005
9128948223
9128948257
9128948530
9128948811
9128950000
9128950023
9128950524
9128951022
9128951177
9128951219
9128951423
9128951426
9128951840
9128952565
9128952663
9128954351
9128957505
9128957885
9128957908
9128958940
9128959270
9128959410
9128959561
9128959768
9128959796
9128959800
9128960199
9128960432
9128960609
9128960700
9128960890
9128961080
9128961096
9128961116
9128962205
9128962312
9128962531
9128962839
9128963500
9128963823
9128964887
9128965005
9128965196
9128965650
9128965724
9128966195
9128966518
9128966555
9128966822
9128966826
9128967971
9128968081
9128968119
9128968611
9128968808
9128968855
9128969314
9128969652
9128970048
9128970052
9128970362
9128970555
9128970707
9128970878
9128970880
9128971071
9128972303
9128972432
9128973003
9128973433
9128973445
9128973717
9128974222
9128974505
9128975091
9128975560
9128975716
9128975777
9128976105
9128976188
9128976207
9128976910
9128977080
9128978266
9128979316
9128979645
9128979838
9128980003
9128980009
9128980028
9128980038
9128980101
9128980156
9128980321
9128980682
9128980829
9128981095
9128981523
9128981660
9128981674
9128982036
9128983057
9128983433
9128983909
9128984070
9128984848
9128984941
9128984971
9128985042
9128985312
9128985874
9128986624
9128987062
9128987333
9128987660
9128987675
9128987678
9128987803
9128988288
9128988717
9128988765
9128988889
9128989277
9128989288
9128989559
9128989812
9128989886
9128989894
9128990220
9128990800
9128990988
9128991783
9128991847
9128991891
9128992431
9128992666
9128992874
9128992935
9128992962
9128993077
9128993483
9128993485
9128993833
9128994477
9128994597
9128994882
9128996556
9128997774
9128998191
9128998240
9128998650
9128998733
9128999525
9128999584
9128999818
9128999974
9129027232
9129254463
9129275195
9129727229
9129737363
9129752108
9129767345
9129798929
9129899887
9129990074
9129990075
9132347775
9133917250
9134040288
9136063021
9136471453
9142516097
9142526556
9144907037
9146929899
9148783965
9149394392
9149493785
9150919144
9151618271
9158425335
9161205993
9162887481
9166345870
9167593521
9167782678
9172533731
9172842124
9173458107
9173845769
9173908781
9175135761
9177588281
9177876364
9177999716
9178770209
9178770211
9178770319
9180106475
9183156203
9183169818
9191100109
9191101642
9191103232
9191103376
9191108169
9191108833
9191110027
9191111151
9191111188
9191111454
9191111507
9191111701
9191111991
9191112491
9191112639
9191113434
9191113993
9191114141
9191114166
9191115220
9191115500
9191115999
9191116222
9191116383
9191116444
9191117333
9191117411
9191117717
9191117782
9191118800
9191118888
9191119992
9191121314
9191121919
9191122250
9191122345
9191123333
9191124999
9191125080
9191127096
9191129242
9191129292
9191129343
9191130999
9191131050
9191131969
9191133633
9191139000
9191140117
9191140151
9191142801
9191144411
9191145711
9191149444
9191149889
9191150007
9191150510
9191150744
9191152535
9191154544
9191158496
9191159492
9191162581
9191163334
9191163642
9191163900
9191164047
9191165306
9191167060
9191167385
9191168220
9191168310
9191169678
9191171723
9191177096
9191177756
9191177999
9191178065
9191180013
9191180182
9191180209
9191180434
9191180991
9191183700
9191186565
9191188001
9191188777
9191189901
9191190421
9191190444
9191190701
9191191611
9191191789
9191193000
9191193009
9191193050
9191196080
9191196696
9191197155
9191198009
9191198111
9191198474
9191198787
9191198865
9191199001
9191199199
9191199323
9191199606
9191199667
9191199717
9191199809
9191199974
9191200222
9191200470
9191200900
9191202070
9191203939
9191204060
9191205777
9191207209
9191207657
9191208383
9191209223
9191210447
9191212769
9191212848
9191213731
9191219325
9191220222
9191222235
9191222236
9191222290
9191222900
9191225632
9191226688
9191228504
9191228855
9191229099
9191229922
9191230026
9191230060
9191230221
9191230753
9191231125
9191231684
9191231888
9191231900
9191231969
9191231971
9191232020
9191232124
9191232128
9191232302
9191232338
9191232351
9191232353
9191232378
9191232422
9191232515
9191232730
9191232866
9191233158
9191233193
9191233307
9191233448
9191233668
9191233744
9191233887
9191233922
9191233963
9191233975
9191234009
9191234243
9191234505
9191234843
9191234923
9191235777
9191236009
9191236020
9191236226
9191236600
9191236611
9191237070
9191237075
9191237420
9191238238
9191238363
9191238523
9191238933
9191239093
9191239119
9191239239
9191239393
9191239525
9191239668
9191239926
9191241188
9191242499
9191242777
9191246230
9191247576
9191248116
9191248598
9191251075
9191252046
9191252402
9191256187
9191259326
9191260111
9191262205
9191262525
9191268564
9191269777
9191272110
9191273166
9191273316
9191273332
9191275226
9191275395
9191278999
9191280111
9191288997
9191289899
9191290547
9191290962
9191291909
9191292878
9191294490
9191294534
9191294901
9191295529
9191295989
9191296275
9191298406
9191298685
9191299044
9191299929
9191748567
9193000003
9193000006
9193000007
9193000033
9193000050
9193000116
9193000405
9193000709
9193000857
9193001221
9193001244
9193001300
9193001884
9193003444
9193004121
9193004232
9193005000
9193005200
9193006374
9193006777
9193007280
9193007618
9193008359
9193010063
9193011111
9193012611
9193013461
9193014888
9193014902
9193015121
9193015555
9193015659
9193015853
9193015899
9193016191
9193019993
9193019999
9193020001
9193020305
9193020899
9193022220
9193022540
9193025000
9193027942
9193028501
9193030333
9193032818
9193033303
9193035190
9193037778
9193037961
9193038579
9193038694
9193039000
9193039777
9193040237
9193040333
9193040444
9193040677
9193041277
9193042949
9193043241
9193044400
9193044555
9193048549
9193052953
9193054153
9193054976
9193055011
9193055535
9193055800
9193057363
9193061456
9193061570
9193063138
9193066066
9193066152
9193066828
9193070000
9193071408
9193074777
9193075926
9193076401
9193077166
9193079946
9193080865
9193081534
9193083504
9193085884
9193088803
9193088888
9193090090
9193090900
9193090903
9193091010
9193092825
9193093052
9193093360
9193100425
9193101777
9193102174
9193103030
9193108080
9193109317
9193109999
9193113209
9193114783
9193114848
9193115733
9193119281
9193119443
9193120977
9193121704
9193121709
9193122699
9193124332
9193126105
9193127288
9193128071
9193129999
9193130004
9193130303
9193130812
9193131212
9193132030
9193132040
9193133924
9193134217
9193137777
9193138229
9193138280
9193139004
9193140807
9193142555
9193143594
9193145045
9193145678
9193148393
9193149999
9193150483
9193152085
9193152428
9193153103
9193154000
9193155414
9193158797
9193159000
9193159939
9193161971
9193164921
9193168787
9193172996
9193177777
9193181817
9193181818
9193183909
9193185913
9193186475
9193192817
9193194037
9193194149
9193199222
9193199990
9193202050
9193205558
9193206588
9193207007
9193208020
9193209672
9193210888
9193214999
9193215181
9193215366
9193216038
9193217343
9193217788
9193221818
9193222322
9193222562
9193222646
9193223020
9193223289
9193225224
9193225813
9193227888
9193228777
9193229256
9193230007
9193230272
9193230385
9193231661
9193232399
9193232502
9193233205
9193234444
9193236202
9193238773
9193240125
9193240701
9193241553
9193242111
9193242224
9193243885
9193246666
9193251720
9193256228
9193257777
9193257914
9193261526
9193261842
9193262225
9193262626
9193264281
9193264636
9193267511
9193271717
9193271909
9193273344
9193278727
9193279089
9193284444
9193284653
9193286575
9193288887
9193288999
9193290060
9193291904
9193291997
9193292359
9193292927
9193295196
9193295621
9193295683
9193298088
9193299622
9193299856
9193300000
9193300121
9193300172
9193300185
9193300303
9193303535
9193303888
9193304372
9193305050
9193308080
9193308215
9193309310
9193309889
9193311888
9193312547
9193312663
9193313948
9193314367
9193316990
9193317899
9193318000
9193322222
9193322332
9193322464
9193322724
9193323912
9193329413
9193329909
9193330001
9193330318
9193330579
9193330707
9193331001
9193331122
9193331255
9193331333
9193331666
9193331919
9193332039
9193332488
9193332888
9193333195
9193333308
9193333310
9193333351
9193333363
9193333377
9193333548
9193333838
9193333919
9193333989
9193334260
9193335533
9193335757
9193335787
9193336767
9193337028
9193337062
9193337776
9193337791
9193338033
9193338050
9193338525
9193343915
9193344622
9193345333
9193346648
9193348888
9193348959
9193352585
9193355444
9193358827
9193361337
9193365666
9193366300
9193367547
9193368000
9193368055
9193368152
9193368803
9193369034
9193369119
9193369459
9193369498
9193369520
9193369675
9193369822
9193371118
9193371145
9193371279
9193373744
9193374430
9193374909
9193375855
9193377516
9193377526
9193377999
9193380393
9193385000
9193387560
9193388229
9193388555
9193388613
9193390379
9193393447
9193393542
9193393751
9193394133
9193394248
9193394325
9193394590
9193394598
9193394854
9193394867
9193395000
9193395090
9193395361
9193395429
9193395897
9193396313
9193396327
9193397778
9193397787
9193397840
9193398001
9193398855
9193399159
9193399232
9193399530
9193399612
9193399750
9193399779
9193399946
9193400270
9193400714
9193400832
9193402655
9193402792
9193402966
9193403700
9193404981
9193405554
9193410108
9193411200
9193411213
9193411451
9193413191
9193414074
9193419107
9193420000
9193420424
9193422123
9193424035
9193424110
9193426777
9193427316
9193427573
9193430000
9193430777
9193431893
9193434342
9193434433
9193435868
9193437485
9193439564
9193440688
9193441100
9193441445
9193442891
9193444444
9193446631
9193447374
9193450184
9193451087
9193451186
9193452744
9193453743
9193454662
9193454730
9193455288
9193455444
9193456156
9193456473
9193456767
9193456799
9193457057
9193457712
9193457729
9193458885
9193459066
9193459486
9193459945
9193461717
9193462284
9193464206
9193466444
9193466606
9193467500
9193470000
9193472787
9193474999
9193476227
9193477070
9193477775
9193478808
9193478898
9193481250
9193481374
9193482122
9193486364
9193488777
9193488838
9193488866
9193490070
9193490500
9193492371
9193495265
9193498899
9193502777
9193505394
9193505447
9193507070
9193507250
9193510265
9193511368
9193513415
9193514444
9193514884
9193514997
9193517737
9193521145
9193522496
9193523201
9193523333
9193528205
9193529858
9193529999
9193532005
9193532435
9193534666
9193534999
9193535033
9193536179
9193536340
9193537200
9193538331
9193539400
9193540017
9193544888
9193551084
9193553024
9193554202
9193557545
9193557800
9193558987
9193562161
9193563231
9193565656
9193567898
9193568866
9193573867
9193574269
9193575505
9193575566
9193576153
9193576303
9193576577
9193577077
9193577153
9193577477
9193577658
9193577719
9193578092
9193578875
9193579619
9193582212
9193583780
9193588111
9193589011
9193590154
9193590757
9193590777
9193596814
9193596990
9193597000
9193599866
9193725586
9193739176
9193886889
9194000028
9194000100
9194000242
9194000741
9194003010
9194003365
9194005400
9194005979
9194007276
9194009919
9194010450
9194016101
9194017949
9194020001
9194021909
9194029003
9194037923
9194038041
9194039222
9194040224
9194041414
9194041919
9194042888
9194046744
9194047531
9194054555
9194055078
9194058300
9194060719
9194064838
9194064876
9194074511
9194075350
9194076490
9194078735
9194084542
9194086641
9194087152
9194087194
9194088488
9194088880
9194094146
9194512857
9194884423
9195610217
9195614631
9195618100
9195635656
9195642142
9195646902
9195653130
9195671555
9195683594
9195688537
9195695336
9195705555
9195706888
9195716221
9195770401
9195774833
9195780777
9195785057
9195788581
9195807685
9195813447
9195825555
9195837774
9195839558
9195886283
9195916233
9195934583
9195947272
9195985333
9196144447
9196251340
9196583744
9197747417
9197868202
9198492763
9198919124
9199440599
9220100020
9220100899
9220101001
9220111666
9220112743
9220113760
9220114200
9220120579
9220121644
9220126694
9220128816
9220134030
9220134050
9220135555
9220136363
9220136388
9220137123
9220138700
9220138798
9220139086
9220139932
9220150098
9220152856
9220156797
9220157173
9220157175
9220157218
9220157316
9220157441
9220158248
9220160767
9220163049
9220165688
9220169325
9220171217
9220175789
9220176911
9220177799
9220178448
9220179277
9220181969
9220192288
9220192415
9220213795
9220223777
9220300111
9220336021
9220416878
9220434666
9220851485
9221001660
9221009980
9221044888
9221094410
9221094696
9221177325
9221197898
9221271255
9221271781
9221273081
9221305000
9221396310
9221451525
9221590265
9221620104
9221630991
9221637179
9221696030
9221717396
9221818800
9221821395
9221923114
9221949606
9221953033
9222021010
9222022352
9222029271
9222034059
9222034232
9222175238
9222197551
9222200989
9222203739
9222219937
9222258093
9222261113
9222271400
9222280940
9222300020
9222300278
9222300341
9222300433
9222300560
9222300681
9222300859
9222301144
9222301688
9222302008
9222302216
9222302422
9222302555
9222302823
9222302888
9222303010
9222303097
9222303816
9222304115
9222304584
9222305305
9222305306
9222305749
9222305883
9222306020
9222306111
9222308229
9222308777
9222309072
9222309090
9222309333
9222309945
9222309960
9222310063
9222310291
9222310360
9222310497
9222310637
9222311011
9222311151
9222311374
9222311721
9222312872
9222313581
9222313999
9222314678
9222315541
9222316666
9222316733
9222317205
9222318777
9222319110
9222319966
9222320072
9222321613
9222322020
9222322295
9222322803
9222323393
9222324277
9222324777
9222327736
9222328260
9222328356
9222329109
9222329682
9222329999
9222330160
9222330223
9222330303
9222330421
9222330933
9222331188
9222331351
9222332244
9222332499
9222332666
9222332909
9222333063
9222333133
9222333235
9222333256
9222333304
9222333339
9222333340
9222333363
9222333392
9222333431
9222333534
9222333689
9222333693
9222334220
9222334477
9222335500
9222335549
9222335580
9222337300
9222337666
9222337765
9222337766
9222337777
9222337977
9222338259
9222338888
9222339139
9222339171
9222340482
9222340606
9222340624
9222341106
9222342240
9222343051
9222343272
9222344241
9222344400
9222344890
9222345549
9222346131
9222346827
9222347150
9222347661
9222348023
9222348452
9222349138
9222349247
9222349999
9222350555
9222351200
9222352174
9222352177
9222352259
9222353000
9222353525
9222353922
9222354796
9222355591
9222357888
9222358801
9222360954
9222360961
9222361414
9222364040
9222364343
9222364347
9222366082
9222367284
9222368020
9222369253
9222369999
9222370086
9222370389
9222371031
9222373210
9222373999
9222375379
9222376780
9222377006
9222377689
9222377701
9222379237
9222379777
9222379999
9222380302
9222380422
9222381706
9222382211
9222382400
9222382473
9222385302
9222385370
9222385470
9222385848
9222385925
9222387945
9222388110
9222388188
9222388939
9222390880
9222390883
9222390886
9222391354
9222391551
9222393472
9222394444
9222394633
9222394777
9222398910
9222399114
9222399306
9222399319
9222399979
9222507856
9222508114
9222978787
9222982837
9223391551
9223666195
9224037413
9224106194
9224309150
9224374022
9224562241
9224610100
9225336338
9225555013
9225603625
9225613044
9225614952
9225629288
9225636555
9225640743
9225651545
9225651917
9225726521
9225731269
9225734240
9225749909
9226009310
9226022204
9226064645
9226123222
9226300076
9226301677
9226302772
9226305116
9226307307
9226307316
9226307555
9226308040
9226308970
9226309909
9226311105
9226311922
9226315346
9226318841
9226320438
9226321606
9226322156
9226322490
9226323969
9226324292
9226326321
9226327206
9226327987
9226329051
9226330001
9226330040
9226331144
9226331326
9226333388
9226333763
9226334701
9226335077
9226335210
9226335851
9226337603
9226338253
9226338614
9226339089
9226339499
9226340454
9226340757
9226341551
9226341796
9226342834
9226343154
9226343730
9226345777
9226346426
9226346588
9226347404
9226348230
9226348730
9226349262
9226351150
9226351989
9226352477
9226353177
9226353333
9226359275
9226360303
9226360722
9226361936
9226362390
9226362600
9226362739
9226366211
9226366606
9226366784
9226367057
9226367503
9226367777
9226368776
9226370347
9226370707
9226371166
9226371747
9226373356
9226374066
9226377717
9226377737
9226380698
9226383112
9226383729
9226385433
9226386330
9226387695
9226388864
9226389423
9226390275
9226392800
9226395198
9226395496
9226396006
9226396181
9226396274
9226396760
9226399395
9226491241
9226701051
9226703777
9226704642
9226707339
9226718255
9226734278
9226746996
9226756090
9226764440
9226771412
9226950524
9226951195
9226951431
9226953325
9226953411
9226953784
9226953822
9226953988
9226954336
9226954519
9226954645
9226958808
9226962223
9226965400
9226966756
9226967190
9226967357
9226968518
9226968874
9226970204
9226971371
9226972276
9226975133
9226976334
9226977177
9226977657
9226977779
9226977982
9226985323
9226987878
9226989896
9226991744
9226991788
9226993630
9226993999
9226995135
9226996133
9226999373
9226999922
9227000021
9227000067
9227000190
9227000800
9227001207
9227003007
9227003600
9227003666
9227004477
9227006044
9227006969
9227007176
9227007700
9227008007
9227008274
9227008291
9227008899
9227009084
9227009191
9227009791
9227010041
9227010433
9227011110
9227011199
9227016016
9227021484
9227022229
9227023712
9227024499
9227025914
9227027564
9227028763
9227029222
9227029699
9227030153
9227030922
9227032770
9227033080
9227034394
9227034395
9227034515
9227036420
9227036996
9227038056
9227039350
9227041279
9227044217
9227044448
9227045655
9227047652
9227049655
9227051638
9227051929
9227052533
9227053394
9227053595
9227055555
9227057057
9227061641
9227062120
9227062746
9227064060
9227064068
9227064662
9227065050
9227065428
9227066751
9227067575
9227067695
9227067770
9227068210
9227068465
9227068530
9227068868
9227069001
9227069994
9227070174
9227070180
9227072171
9227075351
9227076002
9227077000
9227077360
9227077607
9227077779
9227080737
9227080778
9227083793
9227084108
9227084526
9227085882
9227087099
9227087810
9227087873
9227088888
9227089469
9227089792
9227089870
9227090237
9227090877
9227091295
9227091695
9227093020
9227093027
9227095534
9227096215
9227096505
9227097300
9227098033
9227099600
9227100088
9227100224
9227100777
9227100994
9227101047
9227101057
9227101139
9227101313
9227103179
9227103223
9227103311
9227103565
9227103615
9227103844
9227105577
9227106123
9227106390
9227106556
9227106579
9227106737
9227108174
9227108247
9227108557
9227108801
9227108804
9227108889
9227109009
9227109086
9227109825
9227110160
9227111001
9227111007
9227111097
9227111363
9227112222
9227112401
9227113341
9227114003
9227116336
9227116402
9227117363
9227117556
9227117993
9227118404
9227118573
9227118850
9227122121
9227126732
9227128625
9227129612
9227129922
9227133354
9227134269
9227134634
9227138892
9227140408
9227144483
9227145050
9227145252
9227145558
9227146463
9227148050
9227150289
9227150388
9227153689
9227154320
9227154804
9227155566
9227156753
9227157104
9227158267
9227158296
9227159930
9227160600
9227168745
9227170429
9227171999
9227175855
9227176995
9227188990
9227191008
9227191391
9227192757
9227192797
9227194646
9227197331
9227198883
9227200068
9227200505
9227200809
9227200911
9227201214
9227201370
9227202130
9227202223
9227203040
9227209999
9227210100
9227210231
9227210242
9227210888
9227211009
9227212601
9227215556
9227219870
9227219923
9227221075
9227221222
9227222207
9227222745
9227222784
9227223011
9227223584
9227224657
9227227227
9227228188
9227229899
9227230127
9227231155
9227234430
9227235006
9227237751
9227243031
9227243400
9227244477
9227245559
9227247399
9227247800
9227247898
9227255022
9227255614
9227256851
9227257370
9227258032
9227259141
9227261706
9227267690
9227270997
9227271177
9227272404
9227274412
9227277486
9227277720
9227279916
9227280262
9227284038
9227284225
9227286709
9227287792
9227288886
9227289738
9227291030
9227291536
9227292961
9227296365
9227296710
9227300821
9227302255
9227309088
9227309354
9227321111
9227321251
9227322008
9227322378
9227322711
9227326883
9227327827
9227335972
9227337982
9227339901
9227339909
9227340954
9227350086
9227361928
9227362200
9227364970
9227366120
9227370008
9227370380
9227370607
9227373521
9227374444
9227382963
9227383133
9227390680
9227399094
9227400011
9227401628
9227402222
9227404455
9227409848
9227409939
9227409966
9227410609
9227410614
9227411075
9227412525
9227418994
9227422756
9227424820
9227427207
9227428609
9227430494
9227430547
9227437705
9227443838
9227447022
9227451050
9227454116
9227455001
9227460119
9227462640
9227463909
9227467470
9227469164
9227469198
9227477447
9227477771
9227477779
9227479080
9227480126
9227488881
9227494480
9227497676
9227500488
9227500717
9227500767
9227500804
9227500930
9227501239
9227501395
9227501700
9227501711
9227502007
9227502102
9227502132
9227502232
9227502328
9227502625
9227503031
9227503606
9227503738
9227504087
9227504741
9227504755
9227505035
9227505101
9227505558
9227505588
9227506146
9227506297
9227506504
9227507035
9227507770
9227507777
9227507877
9227508333
9227509191
9227509393
9227510078
9227510133
9227510162
9227510261
9227510302
9227511061
9227511111
9227511531
9227511547
9227511777
9227512540
9227513134
9227533806
9227542796
9227551235
9227570984
9227575707
9227575757
9227577164
9227577166
9227578546
9227579498
9227581419
9227583008
9227586798
9227588895
9228128855
9228922708
9229000888
9232230355
9236770555
9236800303
9236801501
9237796806
9250298452
9263053173
9264231135
9265406888
9265427897
9267369442
9271771242
9272037386
9272324906
9272340282
9273155290
9273425868
9273516031
9278833317
9282329594
9283292215
9292078282
9292289040
9292352331
9292357970
9292358888
9292370522
9292371181
9292374424
9292376872
9292380178
9292385320
9292390780
9292638070
9292705241
9292705515
9292710058
9292718041
9292720229
9292720474
9292721527
9292722152
9292727272
9292736516
9292743676
9293608007
9320111200
9320119803
9320120018
9320125001
9320126042
9320127855
9320133044
9320142061
9320155301
9320155354
9320163115
9320174789
9320182569
9320187576
9322074001
9322077488
9323004436
9323026927
9323034292
9323034929
9323040405
9323042141
9323047595
9323053283
9323054670
9323055650
9323056944
9323062190
9323062861
9323067045
9323070789
9323151819
9323161940
9323262136
9323262328
9323263057
9324176455
9324287225
9328443228
9373333434
9374742081
9376943011
9501975457
9502021188
9502035511
9502035853
9503242111
9504802024
9505323846
9505556560
9506313999
9506441089
9506471294
9506524777
9507200140
9507201714
9507203862
9507204180
9507204460
9507206493
9507208310
9507209582
9507209600
9507210101
9507210594
9507212019
9507212432
9507213032
9507214382
9507215356
9507215941
9507217627
9507217711
9507219222
9507220655
9507224510
9507225577
9507225858
9507228010
9507228640
9507228806
9507228844
9507232964
9507234200
9507235050
9507235253
9507235859
9507237029
9507238409
9507238699
9507238712
9507240181
9507240790
9507242466
9507242782
9507243357
9507243477
9507244800
9507245349
9507247333
9507250277
9507250813
9507253668
9507256867
9507257666
9507258710
9507259710
9507260700
9507262400
9507262971
9507263001
9507264043
9507265254
9507268367
9507268430
9507268433
9507269193
9507271015
9507272514
9507274126
9507275779
9507276867
9507277584
9507277959
9507278377
9507278818
9507279090
9507280648
9507280773
9507280881
9507281789
9507285063
9507285262
9507285917
9507286060
9507288884
9507292910
9507294139
9507294215
9507295102
9507295673
9507298257
9507298888
9507300444
9507301855
9507302157
9507303555
9507303835
9507304502
9507305102
9507305705
9507307043
9507307339
9507307931
9507308262
9507308455
9507309092
9507310613
9507312181
9507312474
9507313290
9507314344
9507315189
9507316438
9507317819
9507319886
9507322744
9507325320
9507327423
9507327575
9507327666
9507328450
9507332493
9507333903
9507338866
9507339585
9507339933
9507340515
9507341724
9507344725
9507345500
9507347474
9507348314
9507350701
9507350912
9507352244
9507352337
9507353333
9507355994
9507356138
9507358851
9507359444
9507360017
9507360806
9507360816
9507360906
9507361397
9507362570
9507363355
9507366033
9507366657
9507367366
9507368351
9507369268
9507370011
9507370740
9507373005
9507373571
9507373956
9507375063
9507375936
9507376055
9507377141
9507377797
9507378387
9507378857
9507379267
9507379431
9507379886
9507379932
9507380067
9507382828
9507382851
9507382956
9507385618
9507386090
9507387316
9507387373
9507387569
9507387733
9507388943
9507390055
9507390083
9507390262
9507392028
9507393863
9507393939
9507395533
9507397301
9507398220
9507398725
9507398866
9507400015
9507400740
9507401605
9507402000
9507402199
9507404005
9507404720
9507405043
9507405300
9507406860
9507409316
9507411554
9507412283
9507413288
9507413777
9507414057
9507415117
9507419477
9507420747
9507422290
9507423786
9507425534
9507426066
9507426632
9507426755
9507428347
9507429256
9507429700
9507431430
9507432291
9507435231
9507435368
9507437792
9507437931
9507438335
9507438480
9507439953
9507442324
9507444500
9507445288
9507446235
9507447766
9507448400
9507448646
9507450100
9507450484
9507452156
9507452309
9507452327
9507457078
9507459851
9507464747
9507466003
9507467139
9507468677
9507471111
9507471605
9507472407
9507474800
9507476761
9507477700
9507478008
9507478686
9507479435
9507482210
9507484346
9507487834
9507488992
9507490788
9507492148
9507493088
9507496759
9507499247
9507499942
9508391166
9510847161
9511100040
9511105754
9511105842
9511110471
9511110577
9511111033
9511111117
9511111137
9511111144
9511111171
9511111191
9511111262
9511111459
9511111484
9511111929
9511112569
9511112582
9511112589
9511112709
9511113013
9511114002
9511118318
9511118411
9511123472
9511123585
9511128028
9511132221
9511132493
9511133806
9511137140
9511137345
9511139764
9511147301
9511147468
9511159091
9511160171
9511161300
9511161588
9511162302
9511165642
9511167426
9511176025
9511178572
9511179009
9511179695
9511185680
9511189838
9511190293
9511190909
9511190937
9511191148
9511194490
9511196055
9511197225
9511197268
9511210038
9511211447
9511212160
9511220230
9511230905
9511234301
9511234402
9511234728
9511235347
9511239023
9511241424
9511242776
9511243274
9511243918
9511249625
9511251111
9511255792
9511259570
9511260906
9511262824
9511266356
9511268171
9511269445
9511272377
9511273839
9511274307
9511275699
9511278129
9511280283
9511280284
9511286443
9511287525
9511289072
9511289396
9511289406
9511289421
9511290026
9511299347
9511299557
9511299686
9512307187
9512330973
9512341727
9512355534
9512356330
9512358787
9512360400
9512369933
9512373777
9512373797
9512381035
9512388848
9512397772
9512400090
9512400316
9512403299
9512403480
9512403536
9512404380
9512406717
9512407011
9512410024
9512410548
9512414765
9512419210
9512424797
9512427278
9512427299
9512430669
9512430935
9512431660
9512432229
9512434443
9512435491
9512439614
9512440666
9512444009
9512455505
9512455559
9512460220
9512460444
9512461977
9512464331
9512470222
9512479849
9512479888
9512480222
9512483001
9512487997
9512488373
9512500999
9512501009
9512501565
9512502425
9512505703
9512511121
9512513369
9512515640
9512520902
9512521003
9512521500
9512521555
9512522228
9512524626
9512527420
9512528407
9512528639
9512529384
9512535957
9512537437
9512541400
9512541617
9512544811
9512545951
9512547774
9512551111
9512560001
9512563842
9512577825
9512580808
9512583333
9512585858
9512589000
9512589797
9512600004
9512617339
9514300400
9514300600
9514306060
9514310477
9514314490
9514328385
9514333300
9514343444
9514370952
9514371298
9514388769
9514391301
9514398621
9514400028
9514400034
9514400550
9514402133
9514402302
9514402747
9514403582
9514403689
9514404444
9514405938
9514408941
9514409454
9514411100
9514412091
9514412305
9514414172
9514415516
9514415820
9514416192
9514416514
9514416804
9514417507
9514418315
9514422259
9514422551
9514424468
9514424775
9514425008
9514425297
9514426085
9514427007
9514427183
9514428089
9514428883
9514428949
9514430916
9514431657
9514433331
9514436588
9514439463
9514440455
9514441806
9514441969
9514442180
9514442753
9514443055
9514443345
9514444107
9514444413
9514444599
9514444651
9514444715
9514444807
9514445555
9514446544
9514446555
9514446666
9514448525
9514448585
9514448712
9514450855
9514453244
9514453869
9514458459
9514459785
9514461815
9514461899
9514462829
9514464422
9514465736
9514467100
9514467205
9514468242
9514470800
9514471600
9514474326
9514474474
9514475688
9514475958
9514476615
9514481000
9514481050
9514483143
9514485054
9514486899
9514488326
9514488516
9514488979
9514493409
9514493721
9514494000
9514498979
9514499645
9514499998
9514501077
9514501889
9514503052
9514503092
9514503551
9514505323
9514506716
9514509875
9514509926
9514509990
9514510703
9514511176
9514513063
9514513633
9514513716
9514513771
9514513814
9514514545
9514514763
9514515919
9514516118
9514516300
9514516391
9514516666
9514520171
9514520956
9514523283
9514524808
9514525340
9514527770
9514528173
9514529417
9514530566
9514532857
9514533660
9514537980
9514538744
9514539950
9514540088
9514541111
9514541851
9514542121
9514542435
9514542887
9514543554
9514544776
9514546555
9514546909
9514547108
9514548775
9514549485
9514550099
9514550818
9514551194
9514552978
9514553542
9514555303
9514555520
9514556001
9514557672
9514557749
9514558785
9514559747
9514561870
9514562675
9514564040
9514566687
9514566895
9514567237
9514567723
9514570303
9514572099
9514572182
9514573348
9514575800
9514576511
9514576518
9514579646
9514583010
9514586802
9514588836
9514588888
9514588919
9514589454
9514590190
9514591880
9514591912
9514594883
9514597265
9514600100
9514600428
9514603333
9514610057
9514611101
9514613085
9514615099
9514616900
9514616922
9514618595
9514621054
9514621181
9514621292
9514621516
9514622441
9514623764
9514624009
9514624595
9514625015
9514627367
9514627592
9514627622
9514627857
9514628171
9514628233
9514628338
9514628378
9514628455
9514629232
9514630079
9514631479
9514631968
9514632333
9514632787
9514634546
9514634595
9514635840
9514635880
9514635904
9514637152
9514637463
9514640342
9514642159
9514643030
9514643930
9514644222
9514645723
9514647332
9514647336
9514650918
9514653019
9514653273
9514653727
9514654556
9514654677
9514655441
9514656061
9514660543
9514661195
9514662575
9514663218
9514663300
9514663978
9514665787
9514665926
9514665957
9514666662
9514666699
9514666999
9514675696
9514677888
9514678787
9514679894
9514680264
9514680487
9514680685
9514683151
9514683272
9514683584
9514689998
9514690102
9514691102
9514692389
9514696402
9514699686
9514703270
9514708152
9514708285
9514709030
9514709612
9514710319
9514710368
9514711616
9514711882
9514713282
9514715588
9514715968
9514716325
9514717007
9514719383
9514720247
9514720535
9514721371
9514722123
9514722732
9514723671
9514724625
9514726660
9514727666
9514729426
9514729807
9514732020
9514732222
9514732729
9514733322
9514733711
9514736344
9514736983
9514739382
9514739484
9514739696
9514741528
9514742654
9514743230
9514743940
9514744087
9514744700
9514745892
9514746314
9514747001
9514747590
9514748484
9514749452
9514749702
9514749746
9514750351
9514754502
9514759425
9514764370
9514764490
9514766037
9514766435
9514767026
9514769651
9514769797
9514770072
9514771713
9514773131
9514773455
9514775539
9514775969
9514777966
9514778202
9514779338
9514779555
9514779877
9514780984
9514782228
9514785805
9514787303
9514787778
9514791610
9514791807
9514791955
9514792890
9514792960
9514795889
9514797977
9514800301
9514801818
9514802114
9514802835
9514803333
9514804023
9514807391
9514808402
9514808800
9514810526
9514810951
9514812617
9514813308
9514813993
9514814281
9514814784
9514815196
9514816660
9514817586
9514817747
9514819764
9514820250
9514820571
9514820955
9514822209
9514823131
9514824202
9514825073
9514825266
9514830013
9514833140
9514833512
9514834200
9514837168
9514837877
9514839699
9514840200
9514841993
9514842134
9514843064
9514843256
9514845141
9514845200
9514847136
9514848811
9514849481
9514851519
9514856318
9514859476
9514859567
9514862086
9514866866
9514868314
9514870237
9514870510
9514874343
9514874565
9514874666
9514875155
9514879365
9514879510
9514880428
9514883165
9514883253
9514883822
9514883937
9514886217
9514888999
9514889017
9514890103
9514891173
9514891988
9514893769
9514894449
9514894518
9514895533
9514897267
9514899111
9514899191
9514899510
9516501806
9517000300
9517296336
9517621054
9517700282
9517700570
9517701552
9517706464
9517707526
9517707771
9517710488
9517710518
9517712597
9517712909
9517713034
9517713380
9517713840
9517714401
9517717484
9517718588
9517719277
9517720344
9517720549
9517720959
9517722888
9517723871
9517726187
9517726236
9517726277
9517728535
9517728774
9517731692
9517732019
9517733111
9517733344
9517734227
9517734454
9517734735
9517735221
9517736676
9517736923
9517738806
9517739817
9517741677
9517742771
9517742922
9517744330
9517748929
9517750401
9517751121
9517751555
9517755335
9517755350
9517757481
9517759371
9517759849
9517760630
9517761266
9517761900
9517763858
9517766700
9517766705
9517769017
9517770008
9517770077
9517770404
9517770723
9517771721
9517772300
9517772318
9517773221
9517773277
9517773637
9517777010
9517777130
9517777177
9517777394
9517777448
9517777545
9517777700
9517777706
9517777712
9517777752
9517777781
9517777811
9517777912
9517777938
9517777989
9517778045
9517778199
9517779554
9517779583
9517779955
9517779995
9517780069
9517781330
9517785856
9517788685
9517788787
9517789333
9517790548
9517792847
9517794277
9517795700
9517795725
9517796037
9517801185
9517802027
9517808474
9517810239
9517810525
9517810537
9517810688
9517812069
9517813333
9517815599
9517817104
9517818692
9517818801
9517819693
9517819991
9517820000
9517820355
9517820424
9517820503
9517821344
9517823092
9517823308
9517823729
9517824372
9517827474
9517828029
9517830187
9517830200
9517832346
9517833223
9517834264
9517835294
9517836567
9517839767
9517840748
9517842945
9517845757
9517846758
9517847884
9517848882
9517849111
9517849496
9517850264
9517851084
9517853036
9517853492
9517854110
9517855952
9517856860
9517858152
9517859456
9517860101
9517861313
9517861931
9517867373
9517869228
9517870707
9517873777
9517877176
9517877708
9517878092
9517879405
9517880442
9517882410
9517885255
9517888067
9517888099
9517888374
9517889577
9517890399
9517890478
9517890850
9517890999
9517891732
9517892015
9517893403
9517895050
9517896840
9517898690
9517899920
9517900157
9517900334
9517900721
9517901221
9517901798
9517904075
9517905575
9517907777
9517908236
9517912888
9517913344
9517913542
9517913858
9517915223
9517917979
9517918900
9517919124
9517919282
9517920056
9517920378
9517922520
9517923920
9517924194
9517925059
9517925773
9517926565
9517928025
9517928080
9517928436
9517928881
9517932389
9517935616
9517935755
9517938470
9517939699
9517939910
9517940097
9517940387
9517941931
9517942370
9517943556
9517943775
9517944000
9517944800
9517947688
9517948041
9517950026
9517955514
9517956151
9517961358
9517961669
9517961914
9517963426
9517964507
9517965151
9517967555
9517968155
9517970154
9517971917
9517972732
9517972931
9517974329
9517974466
9517975545
9517981837
9517982179
9517990333
9517990680
9517991209
9517991474
9517992191
9517992530
9517993999
9517995419
9517995550
9517995799
9517997945
9517998102
9517998174
9517999105
9517999411
9517999544
9518000202
9518000241
9518001302
9518002255
9518003333
9518006181
9518007039
9518007070
9518007251
9518007788
9518008485
9518008533
9518009794
9518009804
9518011808
9518012324
9518012719
9518015500
9518016317
9518016350
9518023400
9518024242
9518025151
9518029409
9518030330
9518033805
9518034304
9518035085
9518038459
9518038887
9518039294
9518044127
9518045656
9518047161
9518049311
9518053356
9518054454
9518055615
9518057339
9518057407
9518057824
9518059885
9518060210
9518061612
9518063625
9518064095
9518064593
9518065473
9518066666
9518069560
9518071601
9518073367
9518073486
9518074757
9518076769
9518078094
9518080755
9518081955
9518082210
9518084808
9518085400
9518085528
9518085800
9518086087
9518089022
9518090084
9518090704
9518090807
9518092013
9518095331
9518095948
9518102182
9518103727
9518103866
9518103900
9518104024
9518105821
9518108999
9518110001
9518110648
9518110764
9518114320
9518116898
9518118515
9518118838
9518121381
9518121787
9518122023
9518126216
9518127912
9518128822
9518129926
9518130654
9518131045
9518132621
9518133878
9518134555
9518134651
9518136013
9518138008
9518138080
9518138306
9518138709
9518139001
9518139762
9518141219
9518142113
9518142454
9518145314
9518145777
9518152955
9518152992
9518153387
9518153528
9518155724
9518155844
9518155966
9518161780
9518161940
9518163554
9518169726
9518170009
9518171399
9518171708
9518176062
9518177766
9518180086
9518182493
9518184048
9518184376
9518184995
9518187303
9518188171
9518188222
9518189045
9518189898
9518195207
9518195685
9518198980
9518199746
9525000011
9525000074
9525000279
9525000530
9525002135
9525003020
9525004100
9525004110
9525005138
9525007581
9525010083
9525014336
9525015099
9525015588
9525015806
9525017988
9525018400
9525020541
9525021666
9525021985
9525022144
9525024655
9525024777
9525026760
9525028787
9525030390
9525032038
9525033762
9525034175
9525035545
9525037028
9525037778
9525038204
9525039372
9525040273
9525040525
9525040874
9525045448
9525047536
9525048111
9525050062
9525052416
9525056420
9525060060
9525060338
9525065400
9525065668
9525067288
9525068889
9525070654
9525073386
9525074677
9525079224
9525082114
9525082163
9525083482
9525084393
9525084890
9525087070
9525087262
9525087875
9525091199
9525092955
9525094907
9525095201
9525095265
9525096682
9525096913
9525098454
9525100851
9525101822
9525103888
9525105814
9525106411
9525107490
9525108359
9525109111
9525111111
9525111300
9525116052
9525118000
9525125920
9525129596
9525130006
9525131705
9525133584
9525134448
9525135274
9525135309
9525137714
9525137717
9525138074
9525139595
9525140799
9525144742
9525144745
9525145897
9525146999
9525148148
9525151001
9525151731
9525152525
9525153005
9525153187
9525155003
9525155500
9525155891
9525158009
9525160910
9525162333
9525162753
9525163926
9525164601
9525165729
9525166662
9525168817
9525169020
9525169769
9525172770
9525173306
9525174111
9525175526
9525177039
9525177078
9525177707
9525178660
9525182444
9525185152
9525186489
9525187012
9525190248
9525195974
9525199648
9525199948
9525200669
9525201310
9525201928
9525202948
9525206301
9525208707
9525212171
9525212221
9525212555
9525214664
9525214931
9525217976
9525219777
9525224088
9525224300
9525227527
9525229993
9525232532
9525233045
9525236931
9525239806
9525241212
9525242507
9525242660
9525245533
9525246284
9525246452
9525249699
9525251170
9525252202
9525252493
9525252883
9525252888
9525252997
9525253333
9525253729
9525254684
9525255555
9525257856
9525260484
9525261248
9525264520
9525265418
9525265503
9525266492
9525269098
9525277272
9525282600
9525282749
9525292223
9525292447
9525293777
9525293888
9525296223
9525298270
9525709224
9527278333
9527768670
9603824446
9608360060
9610503112
9610819191
9611194692
9612400392
9613617698
9613629747
9615057267
9615711649
9615752520
9615765909
9615767314
9615770800
9615780341
9615786542
9615787498
9615788888
9615798402
9617504540
9617509322
9617519944
9617702368
9617831481
9617833343
9617847046
9617847901
9617848317
9617848888
9617855923
9617861799
9617867529
9617868302
9617870481
9617871722
9617878258
9617878770
9617883230
9617885881
9617886078
9617890333
9617891539
9617891779
9617892033
9617894402
9617895503
9617898888
9617900841
9617902474
9617903628
9617906290
9617907476
9617909515
9617911230
9617911700
9617912788
9617914420
9617916366
9617916623
9617917928
9617919267
9617925143
9617926821
9617929921
9617930236
9617933333
9617936512
9617938903
9617939953
9617940530
9617940888
9617945545
9617947407
9617959060
9617960007
9617963888
9617968269
9617974606
9617974608
9619125513
9619135714
9619401001
9624859887
9624865686
9624868366
9624869519
9630018533
9630028121
9630046202
9630054441
9630095177
9630401555
9630412420
9630465585
9630730273
9630732040
9630733457
9630734273
9630735339
9630736004
9630736750
9630739811
9630740027
9630741199
9630742899
9630742923
9630743051
9630744353
9630744482
9630745776
9630746563
9630748740
9630749927
9630750620
9630755357
9630757227
9630757823
9630758737
9630760606
9630761221
9630761985
9630762130
9630762400
9630762899
9630764280
9630765926
9630766499
9630766774
9630768070
9630769186
9630770009
9630771148
9630771251
9630771890
9630772772
9630775558
9630775566
9630777737
9630782555
9630783143
9630785999
9630786477
9630787564
9630791566
9630796597
9630797007
9630797449
9630799700
9630799777
9630799979
9630799990
9630800008
9630800613
9630803733
9630808400
9630809027
9630809191
9630810999
9630813581
9630814281
9630814962
9630815812
9630817469
9630818492
9630819599
9630822112
9630823467
9630826855
9630828357
9630830087
9630831101
9630831155
9630832282
9630832333
9630832815
9630833333
9630833730
9630833736
9630834193
9630834906
9630837438
9630838577
9630838747
9630838777
9630841611
9630843693
9630844966
9630845561
9630848216
9630849430
9630852452
9630853277
9630853690
9630854885
9630855558
9630857868
9630858365
9630859737
9630864041
9630865342
9630870593
9630872637
9630872658
9630872974
9630877990
9630881416
9630881577
9630882475
9630883333
9630884860
9630888944
9630889898
9630890636
9630891150
9630891791
9630891866
9630892856
9630892940
9630896588
9630897500
9630899758
9630900228
9630902410
9630903225
9630905523
9630908282
9630908888
9630910010
9630911767
9630913818
9630916244
9630916992
9630918404
9630918622
9630922970
9630923955
9630925014
9630929263
9630929999
9630934051
9630939987
9630949028
9630954004
9630956063
9630957039
9630957222
9630957685
9630961111
9630963615
9630964005
9630964444
9630964598
9630969000
9631550494
9631552242
9631552267
9631555955
9631564366
9632728568
9632770177
9632797505
9632799700
9634557767
9634587274
9634601800
9634603467
9634606323
9634607736
9634608676
9634608772
9634609005
9634611275
9634611591
9634615570
9634617004
9634617324
9634617958
9634619421
9634620063
9634622802
9634623850
9634624094
9634630205
9634631213
9634632722
9634635559
9634636317
9634637566
9634638311
9634639709
9634640268
9634645378
9634647254
9634648449
9634650589
9634652764
9634653858
9634654493
9634654561
9634655587
9634656361
9634656434
9634657230
9634657374
9634660936
9634661614
9634664444
9634667303
9634669000
9634669446
9634671957
9634674100
9634675367
9634677223
9634678850
9634679656
9634681324
9634681569
9634682959
9634685988
9634688201
9634688411
9634689713
9634692604
9634692932
9634693913
9634695326
9634697929
9634700452
9634700706
9634701583
9634704378
9634705585
9634706666
9634708471
9634709564
9634710306
9634711945
9634715159
9634716674
9634717171
9634718223
9634719314
9634720523
9634722213
9634723251
9634724007
9634725070
9634725497
9634726764
9634730003
9634730358
9634732105
9634732514
9634734045
9634736819
9634737362
9634738600
9634740132
9634742636
9634755555
9634756421
9634756677
9634758088
9634758894
9634760790
9634760904
9634767902
9634770744
9634775300
9634778888
9634786353
9634790127
9634794659
9634796522
9634797777
9634798448
9634799999
9637134150
9638583807
9639025767
9639760184
9641029179
9642403288
9642404144
9642405191
9642406006
9642406216
9642406224
9642409491
9642409527
9642409556
9642410454
9642411888
9642411997
9642412421
9642414195
9642422119
9642422400
9642423806
9642426400
9642426980
9642434430
9642435517
9642437533
9642441010
9642442066
9642442442
9642444141
9642444897
9642445926
9642446878
9642447722
9642448064
9642448546
9642449993
9642455992
9642458161
9642458888
9642463951
9642467716
9642468608
9642470128
9642476158
9642477337
9642482069
9642485599
9642486565
9642488040
9642491982
9642492923
9645200047
9646598652
9651891080
9653805845
9655284896
9655486770
9655722304
9656455577
9656478646
9658358449
9658381110
9658534781
9658538435
9658538496
9658540174
9658548144
9658549174
9658550884
9658555111
9658557000
9658561142
9658561932
9658563161
9658565606
9658568009
9658570214
9658570907
9658576567
9658583171
9658583807
9658584464
9658585738
9658587437
9658590867
9658594492
9658595858
9658599977
9659343656
9659343949
9659388727
9672178434
9674674047
9676354691
9676362020
9678600077
9678600312
9678604086
9678606190
9678606277
9678607777
9678608188
9678608829
9678609641
9678611636
9678613551
9678617558
9678619534
9678619861
9678620764
9678622200
9678622699
9678623228
9678623797
9678624632
9678625969
9678626664
9678629906
9678632212
9678632668
9678633484
9678636647
9678638222
9678638470
9678641227
9678648076
9678650682
9678652823
9678653534
9678653557
9678654510
9678656081
9678658103
9678658123
9678658466
9678658903
9678659639
9678659670
9678664934
9678666785
9678666888
9678666923
9678668780
9678670710
9678677998
9678689704
9678699429
9681076797
9681100377
9681101770
9681104935
9681107976
9681110009
9681112474
9681114222
9681115609
9681115834
9681115935
9681115961
9681116315
9681131211
9681133344
9681133560
9681144739
9681145252
9681145501
9681150203
9681151139
9681152612
9681152624
9681155649
9681157366
9681158929
9681161613
9681163505
9681165220
9681168213
9681179722
9681182092
9681205479
9681207916
9681227533
9681243734
9681244017
9681245725
9681249592
9681255386
9681258067
9681262855
9681265486
9681271617
9681271933
9681278007
9681281340
9681282616
9681287267
9681288887
9681289000
9681293537
9682107904
9715565187
9811213337
9821004647
9821007198
9821009570
9821010794
9821134586
9821135564
9821140626
9823001000
9823001204
9823006000
9823007334
9823008000
9823010777
9823011899
9823012133
9823013582
9823019465
9823019995
9823024327
9823025160
9823025859
9823027037
9823027574
9823032756
9823035270
9823036606
9823040707
9823041007
9823044044
9823045011
9823048265
9823049953
9823050934
9823063432
9823065770
9823066413
9823068031
9823073737
9823076690
9823078398
9823079026
9823079878
9823081326
9823086525
9823088190
9823088888
9823088898
9823089066
9823090037
9823090038
9823093900
9823095249
9823096050
9823097097
9823098481
9823099310
9823099888
9823100111
9823100710
9823101679
9823102247
9823104721
9823107266
9823111150
9823111888
9823116232
9823116821
9823117560
9823119444
9823120183
9823121826
9823122563
9823123179
9823123606
9823124942
9823125717
9823128626
9823135277
9823138344
9823141490
9823143258
9823147430
9823151303
9823152450
9823152990
9823156660
9823160480
9823162181
9823162934
9823163003
9823167950
9823169710
9823170316
9823171444
9823175114
9823175939
9823179821
9823183412
9823188128
9823190427
9823196339
9823199918
9823201415
9823202838
9823202899
9823203536
9823207304
9823207444
9823208029
9823208703
9823209501
9823211119
9823211333
9823214543
9823215733
9823217790
9823220005
9823222888
9823223060
9823235288
9823237406
9823243228
9823266515
9823266687
9823267738
9823274803
9823278264
9823282792
9823283570
9823285018
9823290039
9823291202
9823294299
9823299088
9823299930
9823305716
9823313790
9823330302
9823330334
9823330595
9823330883
9823331008
9823333014
9823336978
9823339888
9823343637
9823343638
9823347879
9823351502
9823358234
9823358652
9823361826
9823366696
9823367857
9823369903
9823374493
9823377734
9823386545
9823387990
9823388838
9823393111
9823394353
9823394987
9823395654
9823396198
9823396892
9823401774
9823403553
9823404505
9823412129
9823419599
9823421455
9823423089
9823429162
9823429733
9823430181
9823436417
9823438888
9823445535
9823446270
9823447175
9823447571
9823449177
9823451416
9823451678
9823454116
9823455743
9823458093
9823466667
9823467777
9823470605
9823470837
9823472586
9823473631
9823473829
9823474145
9823479673
9823480241
9823480446
9823483260
9823484702
9823777222
9823777788
9823798737
9824906470
9826083893
9826150338
9826158777
9826353727
9826392654
9831188018
9831262988
9841926226
9851132076
9851803756
9852261217
9852308769
9853469055
9872309057
9874951111
9875837275
9877777001
9877989963
9881502774
9899522262
9922236802
89068942056